6.744459483940159927e+00 1.350471691105757088e+01 6.674479176151844939e+00 0.000000000000000000e+00 1.948786591433470505e+01 4.467822113037115628e+01 1.200427859656002738e+02 1.203092844902641048e+02 5.772489490547508950e+01 1.240953830785918512e+02 3.208754577636720029e+01 2.612755737304680181e+01 9.255293958723638070e+01 1.402799635278610708e+02 0.000000000000000000e+00 0.000000000000000000e+00 1.343164062500000284e+02 4.729366760253905966e+01 4.088338012695309942e+01 6.592867126464851424e+01 1.739668579101562429e+01 1.326593780517577770e+01 1.088838497858461949e+02 1.024140792846680768e+02 1.608654709460688537e+02 3.487328643798828409e+01 7.164647237397397816e+01 1.024902712457828500e+02 1.158588458276237532e+02 2.848087463378906392e+01 5.784920466838158859e+01 8.051727606661793857e+01 1.051107858715635359e+02 0.000000000000000000e+00 9.480471598307291003e+01 9.072557652791346072e+01 7.209826049804678405e+01 1.315217200142996035e+02 9.844102325439460799e+01 0.000000000000000000e+00 3.314244461059573865e+01 6.546707738240563401e+01 0.000000000000000000e+00 2.603383483886718253e+01 1.106474349975586193e+02 0.000000000000000000e+00 4.310313415527343750e+01 0.000000000000000000e+00 0.000000000000000000e+00 0.000000000000000000e+00 0.000000000000000000e+00 3.228765869140620026e+01 0.000000000000000000e+00 0.000000000000000000e+00 0.000000000000000000e+00 0.000000000000000000e+00 1.226689224243163210e+02 7.912662048339842613e+01 1.371276672363281648e+02 1.287126663208008495e+02 0.000000000000000000e+00 1.025243408203124744e+02 0.000000000000000000e+00 0.000000000000000000e+00 3.015751953124999929e+01 1.680281639099121094e+01
1.350471691105757088e+01 8.037999556852977179e+00 5.518030341012136830e+01 0.000000000000000000e+00 2.377833497694518528e+01 7.739337697710310238e+01 8.841075360690059881e+01 9.030786631927364283e+01 5.520235753704692172e+01 9.598886795759480606e+01 9.377082687668570316e+01 1.194503597683376341e+02 9.181917427130200338e+01 1.078860447764664627e+02 7.810529017346966896e+01 9.222381454260170131e+01 1.641187864685057889e+02 1.325220296223957916e+02 1.501343480428059252e+02 1.390739373779296670e+02 6.506080703735347015e+01 8.060252761840824576e+01 1.095178279139959869e+02 1.057109520731407741e+02 1.344807443615582088e+02 9.266045074462894604e+01 2.527398497371454056e+01 6.468743538690782202e+01 8.161915156474972832e+01 7.211786638895671331e+01 2.380280514059183261e+01 4.972565375995918657e+01 7.554431170347399416e+01 7.219357757568360512e+01 1.320860067902687831e+02 8.235255099796549416e+01 5.992256108238582613e+01 1.442253366039604714e+02 1.383250560479763180e+02 0.000000000000000000e+00 4.272353210449219318e+01 1.925263128916422488e+02 3.260598754882811789e+01 3.222113113403320028e+01 1.198573182103541228e+02 4.739158935546875995e+01 7.280935668945313921e+01 0.000000000000000000e+00 8.274541015625000284e+01 3.414843851725260748e+01 9.732911071777346024e+01 5.103940938313799336e+01 1.495003738403320597e+02 1.095379608154297415e+02 0.000000000000000000e+00 5.752468668619791003e+01 1.126211241658529048e+02 1.400067779541014943e+02 1.518284952895585036e+02 1.614401500343554403e+02 6.641064758300788640e+01 1.622625329971313306e+02 0.000000000000000000e+00 4.101924438476562074e+01 9.679040578206372913e+01 1.717203385489327161e+01
6.674479176151844939e+00 5.518030341012136830e+01 6.178936852795615664e+00 1.835258346557617060e+01 3.135210494211288079e+01 0.000000000000000000e+00 1.391429280237790351e+02 1.469383932633832615e+02 3.016053281018331944e+01 1.349873082193701634e+02 1.071667372131346951e+02 8.811242777506505774e+01 2.925733339633535479e+01 1.182978653100712307e+01 6.997135925292974434e+01 1.041720214843749943e+02 7.092241341727117288e+01 1.277148025512695142e+02 1.435930862426758026e+01 1.670207283443874928e+02 6.884057569089151229e+01 5.675377581153204432e+01 0.000000000000000000e+00 1.389414912632533472e+01 5.491718541925601471e+01 4.933105235533280108e+01 1.201566012575986804e+02 1.313359537336561402e+02 1.169484003702800123e+02 3.226095275878900281e+01 8.659178588867186477e+01 1.209727342987060723e+02 2.527870941162110086e+01 0.000000000000000000e+00 1.890698059082031364e+02 0.000000000000000000e+00 0.000000000000000000e+00 0.000000000000000000e+00 0.000000000000000000e+00 0.000000000000000000e+00 5.182892506917313113e+01 3.476990051269531534e+01 3.184350585937500000e+01 2.252210845947265838e+01 0.000000000000000000e+00 0.000000000000000000e+00 3.060502929687499929e+01 0.000000000000000000e+00 0.000000000000000000e+00 0.000000000000000000e+00 0.000000000000000000e+00 0.000000000000000000e+00 0.000000000000000000e+00 3.638850097656239768e+01 0.000000000000000000e+00 0.000000000000000000e+00 0.000000000000000000e+00 0.000000000000000000e+00 1.131333778381346633e+02 1.366516693115233920e+02 0.000000000000000000e+00 4.343530578613281534e+01 0.000000000000000000e+00 0.000000000000000000e+00 0.000000000000000000e+00 0.000000000000000000e+00
0.000000000000000000e+00 0.000000000000000000e+00 1.835258346557617060e+01 1.975756716796311352e+01 5.408361053466796875e+01 2.753068847656249929e+01 7.540323181152348297e+01 1.122832270304363078e+02 1.356409275054932095e+02 1.361125157165528208e+02 1.186257937622069960e+02 9.105695648193352554e+01 1.185586813706617590e+02 1.184126207624163385e+02 1.463752182006835199e+02 1.362730364920079751e+02 8.306323318943827871e+01 1.207334984529936435e+02 9.408495516502350142e+01 3.210628159706322293e+01 5.690419007734121237e+01 4.229327726064199311e+01 7.485688699915699829e+01 6.657503921609585973e+01 4.035544017647653448e+01 2.252408112179914568e+01 6.824996948242178973e+01 0.000000000000000000e+00 3.801874389648439490e+01 1.139293487548826818e+02 1.399265674037023359e+02 1.223689513433547802e+02 1.060334374028985991e+02 1.596809854133688305e+02 1.629366259256999570e+02 1.944609022040117452e+02 1.352325500488280170e+02 0.000000000000000000e+00 4.602760925292967897e+01 1.064643321354489274e+02 9.858597753958235899e+01 1.201460962180603218e+02 9.108029806998857225e+01 1.202908943602476768e+02 4.448886260986328267e+01 1.106765496177521868e+02 1.127502955194086240e+02 1.292763213554466972e+02 1.237344706217447765e+02 1.065477371215820881e+02 3.863310699462891051e+01 8.776131286621102845e+01 2.970148518880208144e+01 0.000000000000000000e+00 0.000000000000000000e+00 0.000000000000000000e+00 0.000000000000000000e+00 0.000000000000000000e+00 3.846912536621093892e+01 4.494404907226562074e+01 0.000000000000000000e+00 0.000000000000000000e+00 1.119315757120012762e+02 0.000000000000000000e+00 3.066852416992188068e+01 4.613871459960937926e+01
1.948786591433470505e+01 2.377833497694518528e+01 3.135210494211288079e+01 5.408361053466796875e+01 1.563850296101405490e+01 1.332846553224505612e+02 3.708436567372857695e+01 7.631352167965664535e+01 3.050777320242262292e+01 7.057942422327309373e+01 1.337376146024371621e+02 1.273512498498807588e+02 8.958844393144232754e+01 1.167349680737628432e+02 1.304988613354661595e+02 1.369651300543060586e+02 1.445858890525032336e+02 1.625644205766492973e+02 1.757834772042598388e+02 1.703949742249014605e+02 1.658154137747628738e+02 1.191519321441649879e+02 5.892167768478390855e+01 3.422219848632811789e+01 1.609830163977889868e+02 5.501075439453128979e+01 3.095085889014321978e+01 6.110724813814299239e+01 7.815672047284745361e+01 1.286023460388182968e+02 7.273432121095954983e+01 8.158016161544821898e+01 1.279715091705322720e+02 1.604152099609375455e+02 1.535861926857915591e+02 1.214671482106776921e+02 1.462971668879190474e+02 1.789586401023956341e+02 1.729263714103413463e+02 3.137546997070320032e+01 8.814297409057613208e+01 2.115553321144797678e+02 4.846677856445312216e+01 3.191400146484375000e+01 1.598967285561728602e+02 0.000000000000000000e+00 8.888717142740878785e+01 4.148743286132820174e+01 0.000000000000000000e+00 8.392925949096684235e+01 1.617495452880858693e+02 1.211568313598632471e+02 1.560725759354849629e+02 1.969898705684777553e+02 2.995121154785160300e+01 1.452322967529296136e+02 1.727177898518102666e+02 1.833503311746297584e+02 1.753834771936240315e+02 1.837696954454085585e+02 1.119758117675780369e+02 1.787207185506669305e+02 0.000000000000000000e+00 4.722948913574218466e+01 7.719071858723961554e+01 6.999254760742186932e+01
4.467822113037115628e+01 7.739337697710310238e+01 0.000000000000000000e+00 2.753068847656249929e+01 1.332846553224505612e+02 8.869768487911574795e+00 1.294405876256953150e+02 8.515752263224932506e+01 1.248076636436789784e+02 9.035165751818234980e+01 4.063839816473190325e+01 5.636885250624443700e+01 8.675439512444964407e+01 2.148002391111555909e+01 7.100999409965440634e+01 7.868380887460367035e+01 1.086813261667887076e+02 1.107214370223867945e+02 1.254552654271834626e+02 1.380218062409899744e+02 1.261659089957893372e+02 1.241137218475341797e+02 9.346819792247953274e+01 0.000000000000000000e+00 1.366038616666148755e+02 0.000000000000000000e+00 1.007904823939006178e+02 9.468843485514331348e+01 9.610415632459852020e+01 9.099290379646501492e+01 7.809878987538910167e+01 8.551043235913638796e+01 8.059549683032393830e+01 6.311572971343996130e+01 1.322721008806638565e+02 7.592376507653126794e+01 9.217568969726553973e+01 1.415470021565755019e+02 9.584107014973962180e+01 0.000000000000000000e+00 3.370805358886720171e+01 1.415099694887796318e+02 2.822886047363281747e+01 7.297479654947916572e+01 1.090302057902019044e+02 0.000000000000000000e+00 1.009186058044434020e+02 4.605569458007811789e+01 1.023847534179686818e+02 9.471862945556631530e+01 9.466252498626704437e+01 1.459405078818581387e+02 1.296030962838067921e+02 1.709537204742430845e+02 5.400089492797846447e+01 1.500932829066684633e+02 1.513153461494831049e+02 1.251176379830497609e+02 1.459703875057730897e+02 1.767147646077472132e+02 8.830983276367176416e+01 1.387055734807794352e+02 0.000000000000000000e+00 0.000000000000000000e+00 1.281841126214890494e+02 3.009808044433593821e+01
1.200427859656002738e+02 8.841075360690059881e+01 1.391429280237790351e+02 7.540323181152348297e+01 3.708436567372857695e+01 1.294405876256953150e+02 2.064650692927169828e+01 4.634291737966383096e+01 4.838932500396915515e+01 3.715320242242563609e+01 1.481639336089810399e+02 1.244104408557987824e+02 6.648340696130661343e+01 1.198197734697568535e+02 1.305995860499055254e+02 1.380537737272119045e+02 1.550659160726299888e+02 1.753793444975307807e+02 1.991540209737000282e+02 1.880127129027102910e+02 1.185906433105469233e+02 1.557142411274952565e+02 1.325251266479492642e+02 3.299539794921876279e+01 1.292655762739483407e+02 1.232098454793293882e+02 2.868915328483156912e+01 2.216054970914852262e+01 2.413435468966459752e+01 1.743662296295165675e+02 8.627950215381014232e+01 7.446970836562894647e+01 1.197121663895864572e+02 1.451002708011203026e+02 1.529899082933181091e+02 1.135559749489438559e+02 1.561751369393774951e+02 1.673708239810229088e+02 1.656977725458992268e+02 0.000000000000000000e+00 1.610835254669189567e+02 2.060423259827251456e+02 7.825998840332032103e+01 1.229345184326171108e+02 1.592348502000252779e+02 4.889581909179680252e+01 1.257498115539550696e+02 4.628801116943358807e+01 8.682629699707020166e+01 1.739741577148437557e+02 1.650816114807129793e+02 1.579387905120851201e+02 2.053587833531950650e+02 2.018009181069879503e+02 7.211448822021478122e+01 1.245339966837563850e+02 1.728182762886991100e+02 1.835645254283072347e+02 1.716022496550271796e+02 1.812536202163853716e+02 1.449919986724852947e+02 1.819775188230944138e+02 0.000000000000000000e+00 8.181131362915037641e+01 1.624800440979001905e+02 1.338394762674967637e+02
1.203092844902641048e+02 9.030786631927364283e+01 1.469383932633832615e+02 1.122832270304363078e+02 7.631352167965664535e+01 8.515752263224932506e+01 4.634291737966383096e+01 1.860258845977919862e+01 1.069029442590371275e+02 4.062469387785613861e+01 4.942973084798820338e+01 1.099816875898387991e+02 1.182380772884067426e+02 1.072830597831758581e+02 3.289808318346369020e+01 7.914582735347542553e+01 1.021892686733522311e+02 1.172021478338263023e+02 1.459367818608252776e+02 1.410328656972231443e+02 1.630263015819139696e+02 1.538873224207339661e+02 1.236869405980057763e+02 1.169310791015625171e+02 9.294521248179367490e+01 1.073508369445801236e+02 6.805186011921939837e+01 3.779643739630420640e+01 2.271717488288978615e+01 4.376447585739319379e+01 7.022349932185828436e+01 2.735955981973550522e+01 7.206074068163049162e+01 1.104318530764406603e+02 1.301114923249117226e+02 9.666621089737850525e+01 1.485898335215509292e+02 1.569249971479741532e+02 1.555795203766077748e+02 2.152327687581381497e+02 1.892238949447711605e+02 1.687243577555780973e+02 8.834211730957025566e+01 1.397282585638540695e+02 1.559282458580130424e+02 1.311443862915037926e+02 2.017926411704749512e+02 2.098979960850306838e+02 1.922722639468996988e+02 1.757026544679234519e+02 1.611531213873122397e+02 1.421249612149437667e+02 1.701952389037959108e+02 1.766670936009040247e+02 1.642588250241961987e+02 1.415385714878636918e+02 1.502682472536486102e+02 1.679646956647829938e+02 1.478561755710417742e+02 1.702352541138786535e+02 1.562357529702707382e+02 1.675973676854382290e+02 0.000000000000000000e+00 2.014303766886395124e+02 1.368649251049258453e+02 1.623627586582728100e+02
5.772489490547508950e+01 5.520235753704692172e+01 3.016053281018331944e+01 1.356409275054932095e+02 3.050777320242262292e+01 1.248076636436789784e+02 4.838932500396915515e+01 1.069029442590371275e+02 1.813817557261892688e+01 7.003686897476246997e+01 9.506958495154302113e+01 8.037499168711653397e+01 2.717858768276765247e+01 8.774081990832021916e+01 1.240490264401999241e+02 1.247865365736664245e+02 1.345919065290464118e+02 1.424905414266222579e+02 1.585210611906133522e+02 1.558126432232402010e+02 1.685016427037587050e+02 1.393313385124124295e+02 1.614214969889322902e+02 6.802240295410146587e+01 1.618434305261610859e+02 8.232684631347643744e+01 9.528962286155631034e+01 1.007495224231976323e+02 1.138470876542871082e+02 1.463807341257731309e+02 9.900160111884291325e+01 1.039365680137222512e+02 1.220626679980436791e+02 1.427772629906149859e+02 1.580232007001121701e+02 1.324340304818353502e+02 1.419930170694987908e+02 1.799827945323651477e+02 1.809382288590373946e+02 7.897547607421878979e+01 1.023612311226981575e+02 1.986778406340315257e+02 0.000000000000000000e+00 1.161602329254150874e+02 1.385946214007514357e+02 0.000000000000000000e+00 2.166498180990508331e+02 1.334953648885091297e+02 1.759332176208496037e+02 1.943954387991770147e+02 2.037433696153428855e+02 1.841531157599555968e+02 1.953269632149551853e+02 1.923864183222089821e+02 1.066340026855467897e+02 1.721554614417079847e+02 1.672283519007513064e+02 1.805290708310397179e+02 1.736005336755712847e+02 1.898205577297515561e+02 1.009904716491699475e+02 1.949265976365908273e+02 0.000000000000000000e+00 3.786395568847656534e+01 1.938400619506836051e+02 3.906840972900391051e+01
1.240953830785918512e+02 9.598886795759480606e+01 1.349873082193701634e+02 1.361125157165528208e+02 7.057942422327309373e+01 9.035165751818234980e+01 3.715320242242563609e+01 4.062469387785613861e+01 7.003686897476246997e+01 1.855732331408302827e+01 3.410646752925642744e+01 3.424274353211367128e+01 5.073506929163391277e+01 8.438665773531103298e+01 8.330420158354601767e+01 9.591490252833364138e+01 1.101022096258075891e+02 1.105990344726026962e+02 1.302679381339191593e+02 1.345116383519710723e+02 1.431291070980907705e+02 1.406652207080545338e+02 1.394826166831948058e+02 9.293104476928721169e+01 1.299451288430797149e+02 1.031076939900715388e+02 9.166632955839511965e+01 1.053477252079834727e+02 8.105705029747664980e+01 1.231289525563884126e+02 7.875748817516040390e+01 6.906434221981578503e+01 1.070212927877230840e+02 1.232690229962868926e+02 1.385127581389780573e+02 1.026450954493446659e+02 1.650276039940971202e+02 1.602065025395149860e+02 1.625135108459328421e+02 1.227687433878580237e+02 1.769490554627918470e+02 1.804599501898702556e+02 1.988468811035156421e+02 1.322534660230364238e+02 1.648914029557512890e+02 7.833880767822267899e+01 2.007000166981613347e+02 2.034740447998046307e+02 1.971039545183059545e+02 1.842508568660072115e+02 1.765118623405909375e+02 1.654353779752361220e+02 1.797425458969116789e+02 1.794408130752242982e+02 1.361842164357503862e+02 1.613000478247064962e+02 1.552085744881584333e+02 1.691855025357344289e+02 1.545137772778520855e+02 1.712211117795918369e+02 1.500136827596028866e+02 1.701820669215007911e+02 8.043067626953133242e+01 1.661302113850911155e+02 1.674668978618439610e+02 7.101632385253905966e+01
3.208754577636720029e+01 9.377082687668570316e+01 1.071667372131346951e+02 1.186257937622069960e+02 1.337376146024371621e+02 4.063839816473190325e+01 1.481639336089810399e+02 4.942973084798820338e+01 9.506958495154302113e+01 3.410646752925642744e+01 1.675784994717799137e+01 4.091732288081804114e+01 7.715596931680630632e+01 4.058573784576603316e+01 3.364485372457802725e+01 6.565670087701738566e+01 1.154826918883602502e+02 8.960642168454462819e+01 1.151579848495172627e+02 1.268741240013018370e+02 1.271917340379051353e+02 1.147206966302829017e+02 1.208831011058266256e+02 1.530145786830357224e+02 1.349715077904066050e+02 1.482256232125419899e+02 1.575862118061425292e+02 1.528999245078890681e+02 1.113826812166156657e+02 8.486312562675564664e+01 7.449920833380818408e+01 9.081972555868287600e+01 7.102553879962387384e+01 8.725335414890200525e+01 1.323715785506047098e+02 9.311101430906566634e+01 1.261481791904994054e+02 1.424221024021958328e+02 1.653371556599934706e+02 1.170515040079753106e+02 1.526010989379882687e+02 1.742732332994135618e+02 1.485769870758055902e+02 1.127759056345621644e+02 1.668726150512695199e+02 8.601649169921870453e+01 1.868166835934713959e+02 1.945472834738705785e+02 1.959121125694984187e+02 1.708294383969924297e+02 1.470509418006062106e+02 1.376269697022883918e+02 1.626417220815731639e+02 1.735500865882333414e+02 1.670836091868081326e+02 1.397567226002275902e+02 1.685261389248612716e+02 1.792165762551175874e+02 1.400940487381960224e+02 1.907500772019357669e+02 1.451201018288020634e+02 1.955112380981444176e+02 1.474016273498534702e+02 1.090443595886230241e+02 1.291972572771634589e+02 0.000000000000000000e+00
2.612755737304680181e+01 1.194503597683376341e+02 8.811242777506505774e+01 9.105695648193352554e+01 1.273512498498807588e+02 5.636885250624443700e+01 1.244104408557987824e+02 1.099816875898387991e+02 8.037499168711653397e+01 3.424274353211367128e+01 4.091732288081804114e+01 1.362209877191508411e+01 2.876834367254461355e+01 3.077856132400029310e+01 1.028756900181423504e+02 1.112237189071458801e+02 1.374765262657809899e+02 1.184670982017893550e+02 1.367231567715861331e+02 1.431806181446433754e+02 1.425158767562838591e+02 1.340764430094021975e+02 1.264872693803575743e+02 2.588105468750000071e+01 1.456863840856569539e+02 5.281042785644531534e+01 1.351473277411762979e+02 1.227849330528745782e+02 9.634417055467204705e+01 1.061394308920468745e+02 9.049173343799523650e+01 1.092101303207947325e+02 9.150548625511359546e+01 9.374566936608522383e+01 1.500040652399980274e+02 1.087726341247558679e+02 3.307319335937499716e+01 1.065642089843750000e+02 1.547721832275391307e+02 0.000000000000000000e+00 3.541845245361328409e+01 1.893989536550892296e+02 3.507407836914060084e+01 5.397658059256412599e+01 1.120759109497070085e+02 4.305093994140619884e+01 1.655581301175629392e+02 1.193167999267577528e+02 1.181669626871746317e+02 1.589416503906250284e+02 1.589883839925128086e+02 1.660958426251733897e+02 1.759426240585789287e+02 1.638789695739745582e+02 3.652072143554688211e+01 1.611588266050661389e+02 1.712071618579683445e+02 1.143785941938920558e+02 1.542194662335751900e+02 1.531859302629742956e+02 1.004019897460937329e+02 1.118825531005859375e+02 8.751839294433588634e+01 0.000000000000000000e+00 1.183754486507839374e+02 0.000000000000000000e+00
9.255293958723638070e+01 9.181917427130200338e+01 2.925733339633535479e+01 1.185586813706617590e+02 8.958844393144232754e+01 8.675439512444964407e+01 6.648340696130661343e+01 1.182380772884067426e+02 2.717858768276765247e+01 5.073506929163391277e+01 7.715596931680630632e+01 2.876834367254461355e+01 2.019328699329551569e+01 4.114732284999125511e+01 1.155141406559174442e+02 1.192559365389631125e+02 1.286687140660532123e+02 1.323797585459346919e+02 1.497424777155088407e+02 1.494915788436410935e+02 1.533110409296773469e+02 1.152254916954828445e+02 1.482205779552186868e+02 7.831397369929729280e+01 1.586561762832858449e+02 1.188764747968686208e+02 1.146635308748046498e+02 1.166476653714905467e+02 1.284351970796517719e+02 1.265288974065163359e+02 1.029331001101088674e+02 1.166970555576170483e+02 1.104283699560064349e+02 1.210162482244925002e+02 1.600124003574394180e+02 1.318322708422745393e+02 1.346199905395508267e+02 1.486260326501094369e+02 1.834174488232419264e+02 3.801970062255860228e+01 1.503356451543171204e+02 1.964555207806640169e+02 0.000000000000000000e+00 1.314586024390325747e+02 1.443042386784727569e+02 8.825169067382813637e+01 2.031101683579025803e+02 2.191104108174642988e+02 1.972760445267114164e+02 1.891184449840728234e+02 1.875532267687871411e+02 1.712241604444716074e+02 1.977185519831731426e+02 1.577318806033329395e+02 1.661168081665038301e+02 1.699299655779627471e+02 1.765091480847409287e+02 1.920596797045313622e+02 1.745641293150028446e+02 1.952142947690816754e+02 1.764767007538767984e+02 1.904182752346557663e+02 7.958068847656250000e+01 8.834593505859376705e+01 1.736855156889414502e+02 3.975887451171875853e+01
1.402799635278610708e+02 1.078860447764664627e+02 1.182978653100712307e+01 1.184126207624163385e+02 1.167349680737628432e+02 2.148002391111555909e+01 1.198197734697568535e+02 1.072830597831758581e+02 8.774081990832021916e+01 8.438665773531103298e+01 4.058573784576603316e+01 3.077856132400029310e+01 4.114732284999125511e+01 1.718610843084672268e+01 8.938112008653926921e+01 1.042244441690038741e+02 1.572261951208853077e+02 1.205829633883499810e+02 1.309657071156868255e+02 1.486527997985610625e+02 1.320218327033956314e+02 7.258953504879424656e+01 1.400604629919264426e+02 7.450092324150924128e+01 1.481347849198094480e+02 9.519101282374650452e+01 1.180909267221189793e+02 1.183828422625492180e+02 1.234556479323893541e+02 1.046051094781069537e+02 9.366978724256395594e+01 1.028997967816562777e+02 8.817620780436988071e+01 1.066508080829345317e+02 1.492152738446933995e+02 1.152762471323862314e+02 1.372007628885904751e+02 1.889435240888769840e+02 1.910090523975917449e+02 1.292112312316893963e+02 1.381024540201823072e+02 1.860028401577550312e+02 9.901626027425129450e+01 1.321625494893392556e+02 1.515616638075424589e+02 1.182505996704101534e+02 1.955809056207530716e+02 2.077373789469399981e+02 2.090169758454030671e+02 1.947148696764777753e+02 1.751612208074231773e+02 1.538970989722058107e+02 1.788112872511402429e+02 1.916127543426600539e+02 1.097800325393676388e+02 1.526797592601773772e+02 1.712193466280031942e+02 1.855688895026987666e+02 1.594611263289156113e+02 1.923654414185465384e+02 1.787534580920990948e+02 2.005822215717148822e+02 7.816444091796878979e+01 7.994074340820310454e+01 1.467069542194235510e+02 2.131142578125000142e+01
0.000000000000000000e+00 7.810529017346966896e+01 6.997135925292974434e+01 1.463752182006835199e+02 1.304988613354661595e+02 7.100999409965440634e+01 1.305995860499055254e+02 3.289808318346369020e+01 1.240490264401999241e+02 8.330420158354601767e+01 3.364485372457802725e+01 1.028756900181423504e+02 1.155141406559174442e+02 8.938112008653926921e+01 1.545396609183077530e+01 3.745449242509935317e+01 7.466654202450530420e+01 8.170234714039945345e+01 1.103364897411793777e+02 1.157081206769403110e+02 1.215264210288458742e+02 1.053600355587269348e+02 1.174767639233686793e+02 6.648237304687498295e+01 8.796047384943713610e+01 1.020422805786132585e+02 1.374991800944010549e+02 8.876683680216473249e+01 0.000000000000000000e+00 2.528544250793902037e+01 1.216140645103824909e+02 3.748103874310662320e+01 6.746759758517626437e+01 8.835275965137242338e+01 1.281890535399561202e+02 9.234799846529212175e+01 1.150464477920532858e+02 4.174373270670573532e+01 7.499057922363280682e+01 1.391189261881510220e+02 8.356370239257813637e+01 1.530169049548572104e+02 6.624931915283205797e+01 1.437668024335588655e+02 7.962754516601560795e+01 1.220139694213867756e+02 1.902046998351659681e+02 2.086720640994340386e+02 1.734596834569544228e+02 1.622221785680632422e+02 1.406792182261878565e+02 1.360587577078391632e+02 1.573600508841075225e+02 1.803823349923798673e+02 9.644806111653643654e+01 1.380418167040931792e+02 1.689272182737078651e+02 1.457763967725965699e+02 1.376967616659253224e+02 1.999417169189453034e+02 1.497759747823079408e+02 8.057934799194336506e+01 0.000000000000000000e+00 0.000000000000000000e+00 1.246955826278872479e+02 5.241195831298826846e+01
0.000000000000000000e+00 9.222381454260170131e+01 1.041720214843749943e+02 1.362730364920079751e+02 1.369651300543060586e+02 7.868380887460367035e+01 1.380537737272119045e+02 7.914582735347542553e+01 1.247865365736664245e+02 9.591490252833364138e+01 6.565670087701738566e+01 1.112237189071458801e+02 1.192559365389631125e+02 1.042244441690038741e+02 3.745449242509935317e+01 1.850796667493114001e+01 3.762058893486448596e+01 3.481961898408303568e+01 8.919605086210431466e+01 8.219216471858705120e+01 1.131397851322608545e+02 1.018014445320797847e+02 8.124438423651139374e+01 1.389420827229817519e+02 4.222220859195238774e+01 9.026790542602533662e+01 1.653324400583903184e+02 1.744812118530272471e+02 1.565409741083780375e+02 2.497166236682747709e+01 1.362060300594638704e+02 7.758545363115791815e+01 6.413806482908348983e+01 8.482898980928474941e+01 1.426531351537931585e+02 1.375826397705077966e+02 1.257812672932942917e+02 8.813019917805991099e+01 9.600165100097663640e+01 1.639582361465844542e+02 1.621688242594401004e+02 1.156468409515453430e+02 6.328433329264320406e+01 1.035761279085439810e+02 1.232151397705078608e+02 1.410134794108072640e+02 1.645112799689781866e+02 1.714992595581781529e+02 1.417319399093096877e+02 1.227250612265034846e+02 1.226850956349029786e+02 1.450435368599673609e+02 1.972752982370979851e+02 2.003786625982214389e+02 6.596013590494791856e+01 1.602161726744893429e+02 1.737636518362672859e+02 2.013310974653941514e+02 1.565857518526069043e+02 1.968162651504295582e+02 1.331018157958983466e+02 2.180961668534713169e+02 1.057159851074218864e+02 0.000000000000000000e+00 1.141550077471756879e+02 2.412133789062500000e+01
1.343164062500000284e+02 1.641187864685057889e+02 7.092241341727117288e+01 8.306323318943827871e+01 1.445858890525032336e+02 1.086813261667887076e+02 1.550659160726299888e+02 1.021892686733522311e+02 1.345919065290464118e+02 1.101022096258075891e+02 1.154826918883602502e+02 1.374765262657809899e+02 1.286687140660532123e+02 1.572261951208853077e+02 7.466654202450530420e+01 3.762058893486448596e+01 1.673651591387352866e+01 4.323573939894566820e+01 7.534827156386417357e+01 4.023189664889311246e+01 1.023266953051958268e+02 1.062120380261763870e+02 6.198928723973185839e+01 1.410868665059407192e+02 3.347321444081731556e+01 1.349224737167357944e+02 1.842444051658206661e+02 1.819057034774054387e+02 1.591577006785075810e+02 1.158121328092700963e+02 1.407025066049613429e+02 1.172006821931836669e+02 7.742011565845483290e+01 9.576921212629400770e+01 1.665814439062913550e+02 1.764903336527411852e+02 1.327531819661456893e+02 1.335348602294922671e+02 4.225866394042968466e+01 1.416812248472183740e+02 1.561101708984373602e+02 1.069068613063168556e+02 1.138032029194153836e+02 8.175927339789842563e+01 4.987929077148437784e+01 1.536883078002929892e+02 1.224111058644406000e+02 1.311807140464201495e+02 1.173122062827554828e+02 1.058495624272771352e+02 1.184333552834834364e+02 1.677002188967265965e+02 2.081436052788629638e+02 1.915314918518065781e+02 7.242184753417967613e+01 1.802197488015664817e+02 1.811509291449528973e+02 2.005624754529123095e+02 1.743556445308026355e+02 1.173554407028925795e+02 7.837114562988280397e+01 1.721595769246419536e+02 1.363180999755859659e+02 0.000000000000000000e+00 1.319410958080678995e+02 0.000000000000000000e+00
4.729366760253905966e+01 1.325220296223957916e+02 1.277148025512695142e+02 1.207334984529936435e+02 1.625644205766492973e+02 1.107214370223867945e+02 1.753793444975307807e+02 1.172021478338263023e+02 1.424905414266222579e+02 1.105990344726026962e+02 8.960642168454462819e+01 1.184670982017893550e+02 1.323797585459346919e+02 1.205829633883499810e+02 8.170234714039945345e+01 3.481961898408303568e+01 4.323573939894566820e+01 1.381026692372854825e+01 2.796982118574288734e+01 3.755664168351923138e+01 6.343368202299678416e+01 5.289586292540741397e+01 6.040803540724431286e+01 6.344751563072203737e+01 7.571726096448617227e+01 1.174856054796491662e+02 2.025382892874135337e+02 1.600139556594120620e+02 1.587296086237979011e+02 1.070318283198470226e+02 1.343545786678486138e+02 1.322820139381918239e+02 8.516969960847885091e+01 1.121112781594537751e+02 1.796274337521153655e+02 1.812693628946942113e+02 7.167885742187499432e+01 0.000000000000000000e+00 0.000000000000000000e+00 1.369341148376464901e+02 1.392713877868652048e+02 1.196158929236709128e+02 1.228520283798944490e+02 8.093031612475945735e+01 4.641609191894531961e+01 1.501607631429036473e+02 1.223052023985134156e+02 1.284331195689029528e+02 1.285692062595407208e+02 1.171638653601048645e+02 1.470646145238013105e+02 1.805627454056698866e+02 2.054966186523436420e+02 2.073364753723145100e+02 4.637024230957030113e+01 1.872432128994281584e+02 1.598473265271308321e+02 1.776586623128255269e+02 1.916334777677610361e+02 9.196002044677734943e+01 1.252268432617186420e+02 4.667422790527339771e+01 8.154580281575513823e+01 0.000000000000000000e+00 1.551465303120083092e+02 3.850629882812499716e+01
4.088338012695309942e+01 1.501343480428059252e+02 1.435930862426758026e+01 9.408495516502350142e+01 1.757834772042598388e+02 1.254552654271834626e+02 1.991540209737000282e+02 1.459367818608252776e+02 1.585210611906133522e+02 1.302679381339191593e+02 1.151579848495172627e+02 1.367231567715861331e+02 1.497424777155088407e+02 1.309657071156868255e+02 1.103364897411793777e+02 8.919605086210431466e+01 7.534827156386417357e+01 2.796982118574288734e+01 1.771683034896932440e+01 3.895062568517201385e+01 2.893143248994942240e+01 2.381827350001805144e+01 6.333656737343513043e+01 6.125535554009795902e+01 8.006536428333343736e+01 1.031110746267409723e+02 1.158458743140812004e+02 1.679721809387206974e+02 7.920582427978509088e+01 1.243626451392953385e+02 1.395771969734676645e+02 1.499013158269007135e+02 1.007187754801572339e+02 1.475837193162099936e+02 2.055092316204811596e+02 1.594848153686524483e+02 3.586133422851560226e+01 4.801001892089843892e+01 4.298285522460939490e+01 1.413530271615149161e+02 1.035121869314286585e+02 1.209686558663882323e+02 9.824487194217185504e+01 8.689336142593211321e+01 0.000000000000000000e+00 1.275830025814796898e+02 1.161035505148846312e+02 1.229463608830789241e+02 1.337776270254641418e+02 1.283089336463592645e+02 1.777718042031068535e+02 1.988793507893880701e+02 2.152990793863931174e+02 9.033968811035157387e+01 4.202991638183593892e+01 1.474865549723307083e+02 1.312100341796874545e+02 8.803651580810549149e+01 2.044568554178874535e+02 9.120932006835927552e+01 4.306881408691400281e+01 0.000000000000000000e+00 1.378268992591173117e+02 0.000000000000000000e+00 1.870285695393880872e+02 0.000000000000000000e+00
6.592867126464851424e+01 1.390739373779296670e+02 1.670207283443874928e+02 3.210628159706322293e+01 1.703949742249014605e+02 1.380218062409899744e+02 1.880127129027102910e+02 1.410328656972231443e+02 1.558126432232402010e+02 1.345116383519710723e+02 1.268741240013018370e+02 1.431806181446433754e+02 1.494915788436410935e+02 1.486527997985610625e+02 1.157081206769403110e+02 8.219216471858705120e+01 4.023189664889311246e+01 3.755664168351923138e+01 3.895062568517201385e+01 2.045322485230163423e+01 3.400989722351468458e+01 3.347414156332504831e+01 5.708014043338372545e+01 5.943058409892392291e+01 4.397005898799005763e+01 6.120698445568420709e+01 1.554845298579517703e+02 1.938414000193278071e+02 1.411403217395702256e+02 1.200866198922410319e+02 1.335339125371064881e+02 1.392721854896861657e+02 9.338499469574654199e+01 1.481498768406287354e+02 1.986987856798257042e+02 1.947846549065166073e+02 8.730806986490877364e+01 0.000000000000000000e+00 0.000000000000000000e+00 1.108394627121669203e+02 1.085156882758135310e+02 1.143310494430314748e+02 8.888908599148732037e+01 9.235279560265161081e+01 1.314918655395508154e+02 1.119644799914435112e+02 1.093077703600107213e+02 1.159594228212606879e+02 1.237072530756678077e+02 1.210893035259435635e+02 1.677175200966495652e+02 1.888537940504568837e+02 1.984580623081751583e+02 2.087318689932553752e+02 1.222370742797851619e+02 1.955656039102321415e+02 1.598066605268205649e+02 2.159210704985119946e+02 1.950859659707588207e+02 1.305108963012696108e+02 1.616318679809569971e+02 1.326859670003254905e+02 1.175765754427073375e+02 3.519909362792968466e+01 1.608754821867100873e+02 4.217283477783202983e+01
1.739668579101562429e+01 6.506080703735347015e+01 6.884057569089151229e+01 5.690419007734121237e+01 1.658154137747628738e+02 1.261659089957893372e+02 1.185906433105469233e+02 1.630263015819139696e+02 1.685016427037587050e+02 1.431291070980907705e+02 1.271917340379051353e+02 1.425158767562838591e+02 1.533110409296773469e+02 1.320218327033956314e+02 1.215264210288458742e+02 1.131397851322608545e+02 1.023266953051958268e+02 6.343368202299678416e+01 2.893143248994942240e+01 3.400989722351468458e+01 1.713352843322769559e+01 2.765263074734825821e+01 7.891378223509828160e+01 5.911773691691987409e+01 7.831914155106994713e+01 6.785570196791145747e+01 1.112423873901367415e+02 6.350621032714843750e+01 4.119888916015624147e+01 1.398372621174602557e+02 1.502854788716633720e+02 1.632518678665162213e+02 1.216091370613461038e+02 1.306818150111606940e+02 2.211490503946940294e+02 1.189216052246093511e+02 0.000000000000000000e+00 4.902065124511720029e+01 0.000000000000000000e+00 1.076636241200634743e+02 1.129637762986378107e+02 1.200979981463252386e+02 9.191763895133283313e+01 1.075814990283281105e+02 0.000000000000000000e+00 1.062682107968939249e+02 1.102121334686432874e+02 1.199391039078129069e+02 1.622814360046386639e+02 1.249835643513997638e+02 1.412325564575195926e+02 4.673586425781250142e+01 2.835581665039061861e+01 0.000000000000000000e+00 0.000000000000000000e+00 4.295032348632811647e+01 8.842099914550777839e+01 0.000000000000000000e+00 1.795072642008463220e+02 0.000000000000000000e+00 0.000000000000000000e+00 0.000000000000000000e+00 1.209897267921478488e+02 3.012489624023438139e+01 1.157107482910156619e+02 0.000000000000000000e+00
1.326593780517577770e+01 8.060252761840824576e+01 5.675377581153204432e+01 4.229327726064199311e+01 1.191519321441649879e+02 1.241137218475341797e+02 1.557142411274952565e+02 1.538873224207339661e+02 1.393313385124124295e+02 1.406652207080545338e+02 1.147206966302829017e+02 1.340764430094021975e+02 1.152254916954828445e+02 7.258953504879424656e+01 1.053600355587269348e+02 1.018014445320797847e+02 1.062120380261763870e+02 5.289586292540741397e+01 2.381827350001805144e+01 3.347414156332504831e+01 2.765263074734825821e+01 1.446441016694515902e+01 5.846646348335913501e+01 2.612265600637300267e+01 8.166616432416074645e+01 2.162018474974384219e+01 1.459179634602865008e+02 1.172058498806423188e+02 1.076667724609375227e+02 1.228403185042123482e+02 1.363117699769323110e+02 1.269077275980087194e+02 9.800430997212735917e+01 1.352488267645135522e+02 1.480709698827275247e+02 1.812034780593147048e+02 4.370099792480468182e+01 0.000000000000000000e+00 2.409586334228515980e+01 7.920844533615752425e+01 7.307452372920653261e+01 1.116326458215537514e+02 7.052162263382670915e+01 9.744135174936512556e+01 4.544931335449218324e+01 9.996087929288817975e+01 1.055860681770908798e+02 1.209757924833751872e+02 1.119265640258788181e+02 1.520348634084066362e+02 9.670791442871103527e+01 1.223375625610351847e+02 0.000000000000000000e+00 2.738493041992187926e+01 4.551104431152339913e+01 4.214319458007811647e+01 4.475428466796874716e+01 0.000000000000000000e+00 1.556271759033202500e+02 0.000000000000000000e+00 0.000000000000000000e+00 4.468415832519539777e+01 1.004575835672573021e+02 3.745283813476562074e+01 1.146099232991536496e+02 0.000000000000000000e+00
1.088838497858461949e+02 1.095178279139959869e+02 0.000000000000000000e+00 7.485688699915699829e+01 5.892167768478390855e+01 9.346819792247953274e+01 1.325251266479492642e+02 1.236869405980057763e+02 1.614214969889322902e+02 1.394826166831948058e+02 1.208831011058266256e+02 1.264872693803575743e+02 1.482205779552186868e+02 1.400604629919264426e+02 1.174767639233686793e+02 8.124438423651139374e+01 6.198928723973185839e+01 6.040803540724431286e+01 6.333656737343513043e+01 5.708014043338372545e+01 7.891378223509828160e+01 5.846646348335913501e+01 7.981790636553789398e+00 1.920201472580793478e+01 2.734779154352258246e+01 4.945224011460620517e+01 8.291480008149751768e+01 2.831054016113281335e+01 1.123054138183593125e+02 6.555888244926327957e+01 7.250695768545793385e+01 8.252656766128839649e+01 2.118300000226243895e+01 4.590710270602285448e+01 1.358465380273265168e+02 1.484794712512135106e+02 1.408587387084960767e+02 0.000000000000000000e+00 6.783899230957032955e+01 9.260134355218093560e+01 9.401383171480000556e+01 6.106700080970148292e+01 4.154374238134062836e+01 1.967957068934654785e+01 1.141119201660156932e+02 9.370852954797140910e+01 7.467948261511196506e+01 7.875882465543891442e+01 7.240890603920762203e+01 6.722733692425910590e+01 9.348963677893718227e+01 1.135442231163612234e+02 1.612380522742637652e+02 1.732676628718301117e+02 1.210546356201171818e+02 1.528576978429159112e+02 1.540424866494679179e+02 1.728090351504372393e+02 1.417507147853617937e+02 1.202630249023436875e+02 6.427871307373051479e+01 1.258988388061522983e+02 1.077141873708151394e+02 3.705837707519539492e+01 1.008067512200511260e+02 0.000000000000000000e+00
1.024140792846680768e+02 1.057109520731407741e+02 1.389414912632533472e+01 6.657503921609585973e+01 3.422219848632811789e+01 0.000000000000000000e+00 3.299539794921876279e+01 1.169310791015625171e+02 6.802240295410146587e+01 9.293104476928721169e+01 1.530145786830357224e+02 2.588105468750000071e+01 7.831397369929729280e+01 7.450092324150924128e+01 6.648237304687498295e+01 1.389420827229817519e+02 1.410868665059407192e+02 6.344751563072203737e+01 6.125535554009795902e+01 5.943058409892392291e+01 5.911773691691987409e+01 2.612265600637300267e+01 1.920201472580793478e+01 8.050137156954292550e+00 2.259759039539781256e+01 1.489433917988209899e+01 8.352358067830404309e+01 3.287676086425780397e+01 0.000000000000000000e+00 1.016026937866210744e+02 1.041650525602909312e+02 1.160085038469985363e+02 6.049781162601517792e+01 1.118625382865333222e+02 1.668349235171363887e+02 1.586387503133213102e+02 1.425282788085937966e+02 0.000000000000000000e+00 8.229052124023431247e+01 5.998877450287143631e+01 4.447775744511591967e+01 7.077340253633582279e+01 2.523255835144359338e+01 5.622997865897582415e+01 4.582223205566400281e+01 7.034198714500249139e+01 7.255084667695854250e+01 8.380324390955215108e+01 1.050129748344421046e+02 8.789023391723637246e+01 1.314026504516601221e+02 1.043842666625974687e+02 1.275681714375812987e+02 0.000000000000000000e+00 0.000000000000000000e+00 1.027355499267577557e+02 7.862591857910146587e+01 7.001088562011722161e+01 1.592125030517577784e+02 1.187456339518229527e+02 4.588868408203124005e+01 4.057607421875000142e+01 7.169108939621553134e+01 2.073685836791991832e+01 1.595727422078450388e+02 3.621437072753906250e+01
