0.000000000000000000e+00 0.000000000000000000e+00 5.634047985076904297e-01 0.000000000000000000e+00 1.026832833886146545e-01 0.000000000000000000e+00 0.000000000000000000e+00 0.000000000000000000e+00 9.161849506199359894e-03 0.000000000000000000e+00 0.000000000000000000e+00 3.241495043039321899e-02 0.000000000000000000e+00 0.000000000000000000e+00 4.461150820134207606e-05 3.552713678800500929e-15 0.000000000000000000e+00 0.000000000000000000e+00 0.000000000000000000e+00 2.330935444661008660e-11 0.000000000000000000e+00 2.455533593893051147e-01 0.000000000000000000e+00 0.000000000000000000e+00 1.169718331084368401e-07 4.302438721060752869e-02 4.796175751835107803e-03 1.066512544639408588e-03 0.000000000000000000e+00 2.035616338253021240e-01 4.379006475210189819e-02 0.000000000000000000e+00 7.015574374236166477e-04 1.890048617497086525e-03 0.000000000000000000e+00 4.704087506979703903e-03 2.266634628176689148e-02 6.427451153285801411e-04 0.000000000000000000e+00 0.000000000000000000e+00 7.002505660057067871e-02 1.421085471520200372e-14 0.000000000000000000e+00 3.321411460638046265e-02 4.383010789752006531e-03 0.000000000000000000e+00 0.000000000000000000e+00 1.045396129484288394e-04 1.156816957518458366e-03 0.000000000000000000e+00 3.851193177979439497e-04 2.369897998869419098e-02 1.598942675627768040e-03 0.000000000000000000e+00 0.000000000000000000e+00 0.000000000000000000e+00 0.000000000000000000e+00 1.708850264549255371e-02 0.000000000000000000e+00 3.915943125321064144e-10 3.839510609395802021e-04 5.791760049760341644e-03 3.552713678800500929e-13 0.000000000000000000e+00 9.186604060232639313e-03 1.177174523472785950e-01
0.000000000000000000e+00 0.000000000000000000e+00 0.000000000000000000e+00 5.451425677165389061e-04 0.000000000000000000e+00 3.646105155348777771e-02 1.342882309108972549e-02 1.814152114093303680e-02 0.000000000000000000e+00 0.000000000000000000e+00 2.020797319710254669e-02 0.000000000000000000e+00 8.597092702984809875e-03 4.461730364710092545e-03 5.844717845320701599e-02 4.102405533194541931e-02 0.000000000000000000e+00 0.000000000000000000e+00 0.000000000000000000e+00 0.000000000000000000e+00 8.973257354227825999e-05 0.000000000000000000e+00 3.015468595549464226e-03 0.000000000000000000e+00 7.048730738461017609e-03 0.000000000000000000e+00 0.000000000000000000e+00 0.000000000000000000e+00 7.389372680336236954e-03 0.000000000000000000e+00 0.000000000000000000e+00 4.190659523010253906e-02 1.415960304439067841e-02 0.000000000000000000e+00 5.415169522166252136e-03 1.421085471520200372e-14 0.000000000000000000e+00 2.527596428990364075e-03 0.000000000000000000e+00 0.000000000000000000e+00 0.000000000000000000e+00 1.448305672965943813e-03 0.000000000000000000e+00 0.000000000000000000e+00 1.421085471520200372e-14 0.000000000000000000e+00 5.684341886080801487e-14 3.552713678800500929e-15 0.000000000000000000e+00 0.000000000000000000e+00 2.175879292190074921e-02 6.020487099885940552e-02 0.000000000000000000e+00 0.000000000000000000e+00 0.000000000000000000e+00 3.541895374655723572e-02 0.000000000000000000e+00 0.000000000000000000e+00 4.795529879629611969e-03 3.345795441418886185e-03 3.248355910181999207e-02 0.000000000000000000e+00 5.690198158845305443e-04 0.000000000000000000e+00 1.143148690462112427e-01 0.000000000000000000e+00
5.634047985076904297e-01 0.000000000000000000e+00 0.000000000000000000e+00 1.252990514039993286e-01 5.323380231857299805e-02 0.000000000000000000e+00 8.881784197001252323e-14 0.000000000000000000e+00 8.442179113626480103e-02 0.000000000000000000e+00 0.000000000000000000e+00 6.307569798082113266e-03 1.215893123298883438e-02 1.657261103391647339e-01 5.343100521713495255e-03 0.000000000000000000e+00 0.000000000000000000e+00 0.000000000000000000e+00 2.904088050127029419e-02 0.000000000000000000e+00 1.251124776899814606e-02 5.077439919114112854e-02 0.000000000000000000e+00 0.000000000000000000e+00 0.000000000000000000e+00 2.827404439449310303e-02 0.000000000000000000e+00 0.000000000000000000e+00 0.000000000000000000e+00 1.007722616195678711e-01 8.711896836757659912e-03 0.000000000000000000e+00 0.000000000000000000e+00 2.553034282755106688e-04 1.151079231931362301e-12 0.000000000000000000e+00 1.064574695192277431e-03 0.000000000000000000e+00 0.000000000000000000e+00 0.000000000000000000e+00 2.333610877394676208e-02 4.445416480302810669e-02 0.000000000000000000e+00 0.000000000000000000e+00 3.683595650727511384e-10 0.000000000000000000e+00 0.000000000000000000e+00 3.038404975086450577e-04 0.000000000000000000e+00 0.000000000000000000e+00 6.166346720419824123e-04 1.568897627294063568e-03 1.412454526871442795e-03 0.000000000000000000e+00 1.421085471520200372e-14 0.000000000000000000e+00 1.740829702612245455e-13 1.535038230940699577e-03 0.000000000000000000e+00 0.000000000000000000e+00 0.000000000000000000e+00 1.785628683865070343e-02 0.000000000000000000e+00 3.339771414175629616e-03 3.851573183055734262e-06 4.070105787832289934e-04
0.000000000000000000e+00 5.451425677165389061e-04 1.252990514039993286e-01 0.000000000000000000e+00 0.000000000000000000e+00 0.000000000000000000e+00 0.000000000000000000e+00 0.000000000000000000e+00 8.479309035465121269e-04 7.678688503801822662e-03 0.000000000000000000e+00 1.025560498237609863e-02 2.202781662344932556e-02 2.482454758137464523e-03 4.220979121782875154e-11 0.000000000000000000e+00 7.994373328983783722e-03 0.000000000000000000e+00 1.073383260518312454e-03 8.348312973976135254e-02 6.755165010690689087e-02 4.988654702901840210e-02 0.000000000000000000e+00 3.007795289158821106e-02 9.000043570995330811e-02 2.125439196825027466e-01 0.000000000000000000e+00 0.000000000000000000e+00 0.000000000000000000e+00 0.000000000000000000e+00 3.590843640267848969e-03 7.432330865412950516e-03 0.000000000000000000e+00 0.000000000000000000e+00 0.000000000000000000e+00 0.000000000000000000e+00 3.715696550443681190e-08 0.000000000000000000e+00 0.000000000000000000e+00 0.000000000000000000e+00 1.785714551806449890e-02 1.109857577830553055e-02 5.847536027431488037e-03 0.000000000000000000e+00 4.802079498767852783e-02 9.916714392602443695e-03 0.000000000000000000e+00 0.000000000000000000e+00 0.000000000000000000e+00 0.000000000000000000e+00 0.000000000000000000e+00 7.804390974342823029e-03 0.000000000000000000e+00 0.000000000000000000e+00 0.000000000000000000e+00 1.421085471520200372e-14 0.000000000000000000e+00 0.000000000000000000e+00 0.000000000000000000e+00 0.000000000000000000e+00 0.000000000000000000e+00 0.000000000000000000e+00 5.791758373379707336e-02 1.918523223139345646e-03 1.546271052211523056e-02 0.000000000000000000e+00
1.026832833886146545e-01 0.000000000000000000e+00 5.323380231857299805e-02 0.000000000000000000e+00 0.000000000000000000e+00 0.000000000000000000e+00 2.282841056585311890e-01 3.407412767410278320e-02 2.032987922430038452e-01 5.420793968369252980e-05 0.000000000000000000e+00 7.351488340646028519e-03 0.000000000000000000e+00 0.000000000000000000e+00 0.000000000000000000e+00 0.000000000000000000e+00 1.485819041135982843e-07 0.000000000000000000e+00 6.284395226430206094e-11 0.000000000000000000e+00 0.000000000000000000e+00 0.000000000000000000e+00 0.000000000000000000e+00 0.000000000000000000e+00 0.000000000000000000e+00 0.000000000000000000e+00 1.670408397912979126e-01 6.723533384501934052e-03 0.000000000000000000e+00 2.000255137681961060e-02 0.000000000000000000e+00 0.000000000000000000e+00 0.000000000000000000e+00 0.000000000000000000e+00 0.000000000000000000e+00 0.000000000000000000e+00 8.867781609296798706e-03 0.000000000000000000e+00 1.888627535663545132e-03 6.475076079368591309e-02 0.000000000000000000e+00 0.000000000000000000e+00 0.000000000000000000e+00 0.000000000000000000e+00 0.000000000000000000e+00 0.000000000000000000e+00 0.000000000000000000e+00 0.000000000000000000e+00 1.900039496831595898e-03 1.492019370198249817e-02 0.000000000000000000e+00 0.000000000000000000e+00 0.000000000000000000e+00 0.000000000000000000e+00 0.000000000000000000e+00 0.000000000000000000e+00 0.000000000000000000e+00 0.000000000000000000e+00 2.806773642078042030e-03 7.305786944925785065e-03 3.206324095117452089e-13 3.047660738229751587e-02 0.000000000000000000e+00 2.149212174117565155e-02 0.000000000000000000e+00 4.026067908853292465e-03
0.000000000000000000e+00 3.646105155348777771e-02 0.000000000000000000e+00 0.000000000000000000e+00 0.000000000000000000e+00 0.000000000000000000e+00 0.000000000000000000e+00 0.000000000000000000e+00 0.000000000000000000e+00 0.000000000000000000e+00 5.684841424226760864e-02 0.000000000000000000e+00 7.836406119167804718e-03 4.835703969001770020e-01 4.471588507294654846e-02 2.605147287249565125e-02 0.000000000000000000e+00 0.000000000000000000e+00 0.000000000000000000e+00 0.000000000000000000e+00 0.000000000000000000e+00 1.278976924368180335e-13 1.198979094624519348e-02 0.000000000000000000e+00 2.421264536678791046e-03 0.000000000000000000e+00 0.000000000000000000e+00 1.980557106435298920e-03 1.199577003717422485e-02 0.000000000000000000e+00 6.016266532242298126e-03 6.335245445370674133e-03 1.581898517906665802e-02 1.415494736284017563e-02 1.421085471520200372e-14 0.000000000000000000e+00 5.562489604926668108e-05 3.541396697983145714e-03 0.000000000000000000e+00 0.000000000000000000e+00 0.000000000000000000e+00 0.000000000000000000e+00 0.000000000000000000e+00 1.465072203427553177e-02 0.000000000000000000e+00 0.000000000000000000e+00 6.378071266226470470e-04 0.000000000000000000e+00 0.000000000000000000e+00 7.993605777301127091e-15 2.098688110709190369e-02 1.097365655004978180e-02 1.177038811147212982e-02 1.118400599807500839e-03 0.000000000000000000e+00 5.614059977233409882e-03 0.000000000000000000e+00 0.000000000000000000e+00 0.000000000000000000e+00 2.064161526504904032e-05 1.246996894478797913e-01 0.000000000000000000e+00 0.000000000000000000e+00 3.414157845327281393e-12 1.090571284294128418e-02 0.000000000000000000e+00
0.000000000000000000e+00 1.342882309108972549e-02 8.881784197001252323e-14 0.000000000000000000e+00 2.282841056585311890e-01 0.000000000000000000e+00 0.000000000000000000e+00 1.367120444774627686e-01 3.601843863725662231e-02 8.209357410669326782e-02 7.359500974416732788e-03 3.485730849206447601e-04 3.374192118644714355e-02 2.220446049250313081e-12 5.050879437476396561e-03 9.300463832914829254e-03 2.499685389921069145e-03 0.000000000000000000e+00 0.000000000000000000e+00 3.271761583164334297e-03 8.090202696621417999e-03 0.000000000000000000e+00 8.607563562691211700e-03 0.000000000000000000e+00 0.000000000000000000e+00 0.000000000000000000e+00 0.000000000000000000e+00 2.747699022293090820e-01 8.514579385519027710e-02 3.197442310920450836e-14 0.000000000000000000e+00 0.000000000000000000e+00 0.000000000000000000e+00 0.000000000000000000e+00 7.095100590959191322e-04 3.552713678800500929e-15 0.000000000000000000e+00 0.000000000000000000e+00 1.033727917820215225e-02 2.225339179858565331e-03 1.421085471520200372e-14 0.000000000000000000e+00 0.000000000000000000e+00 1.603464625077322125e-04 0.000000000000000000e+00 2.780662849545478821e-03 7.024750579148530960e-03 1.251752208918333054e-02 4.775037523359060287e-03 5.560462828725576401e-03 0.000000000000000000e+00 0.000000000000000000e+00 0.000000000000000000e+00 3.209294751286506653e-03 9.723964147269725800e-03 9.352863766252994537e-03 6.297992076724767685e-03 0.000000000000000000e+00 9.035948663949966431e-03 2.576898224651813507e-02 0.000000000000000000e+00 8.733037859201431274e-03 3.021625103428959846e-03 0.000000000000000000e+00 0.000000000000000000e+00 0.000000000000000000e+00
0.000000000000000000e+00 1.814152114093303680e-02 0.000000000000000000e+00 0.000000000000000000e+00 3.407412767410278320e-02 0.000000000000000000e+00 1.367120444774627686e-01 0.000000000000000000e+00 2.833631820976734161e-02 7.295735925436019897e-02 1.930870413780212402e-01 0.000000000000000000e+00 0.000000000000000000e+00 0.000000000000000000e+00 1.165899559855461121e-01 5.559985339641571045e-02 0.000000000000000000e+00 6.574346683919429779e-03 0.000000000000000000e+00 1.334902923554182053e-02 0.000000000000000000e+00 0.000000000000000000e+00 1.178248412907123566e-02 0.000000000000000000e+00 0.000000000000000000e+00 0.000000000000000000e+00 1.596944779157638550e-02 6.853854656219482422e-02 8.234453946352005005e-02 0.000000000000000000e+00 0.000000000000000000e+00 9.782166779041290283e-02 0.000000000000000000e+00 0.000000000000000000e+00 1.304289139807224274e-02 0.000000000000000000e+00 0.000000000000000000e+00 6.510010571219027042e-04 1.066475361585617065e-02 3.981637768447399139e-03 0.000000000000000000e+00 0.000000000000000000e+00 1.421085471520200372e-14 2.605234505608677864e-03 0.000000000000000000e+00 0.000000000000000000e+00 7.197274360805749893e-03 0.000000000000000000e+00 7.589239627122879028e-03 9.633258916437625885e-03 3.140344982966780663e-03 0.000000000000000000e+00 0.000000000000000000e+00 0.000000000000000000e+00 2.122552832588553429e-03 2.105819620192050934e-02 1.003331597894430161e-02 2.964533632621169090e-03 3.189168497920036316e-02 7.044707890599966049e-03 0.000000000000000000e+00 6.068157963454723358e-03 8.633644320070743561e-04 0.000000000000000000e+00 0.000000000000000000e+00 2.220446049250313081e-16
9.161849506199359894e-03 0.000000000000000000e+00 8.442179113626480103e-02 8.479309035465121269e-04 2.032987922430038452e-01 0.000000000000000000e+00 3.601843863725662231e-02 2.833631820976734161e-02 0.000000000000000000e+00 4.878735542297363281e-02 2.213163115084171295e-02 1.585652120411396027e-02 2.494186908006668091e-01 0.000000000000000000e+00 0.000000000000000000e+00 1.576471142470836639e-03 1.280056405812501907e-02 6.531558465212583542e-03 1.174630015157163143e-03 9.038963355123996735e-03 9.542983956634998322e-03 7.701582275331020355e-03 1.957156229764223099e-03 0.000000000000000000e+00 0.000000000000000000e+00 0.000000000000000000e+00 0.000000000000000000e+00 1.401603501290082932e-02 0.000000000000000000e+00 0.000000000000000000e+00 0.000000000000000000e+00 0.000000000000000000e+00 0.000000000000000000e+00 0.000000000000000000e+00 0.000000000000000000e+00 0.000000000000000000e+00 0.000000000000000000e+00 0.000000000000000000e+00 5.390105303376913071e-03 0.000000000000000000e+00 0.000000000000000000e+00 0.000000000000000000e+00 3.552713678800500929e-15 0.000000000000000000e+00 0.000000000000000000e+00 0.000000000000000000e+00 1.645472017116844654e-03 5.329467821866273880e-03 4.738304298371076584e-03 5.965610966086387634e-03 0.000000000000000000e+00 3.197442310920450836e-14 0.000000000000000000e+00 0.000000000000000000e+00 0.000000000000000000e+00 0.000000000000000000e+00 5.730641074478626251e-03 1.101824548095464706e-02 5.843598395586013794e-03 2.650288166478276253e-03 0.000000000000000000e+00 1.301465556025505066e-03 0.000000000000000000e+00 0.000000000000000000e+00 0.000000000000000000e+00 0.000000000000000000e+00
0.000000000000000000e+00 0.000000000000000000e+00 0.000000000000000000e+00 7.678688503801822662e-03 5.420793968369252980e-05 0.000000000000000000e+00 8.209357410669326782e-02 7.295735925436019897e-02 4.878735542297363281e-02 0.000000000000000000e+00 1.124738380312919617e-01 2.895197458565235138e-02 1.961569339036941528e-01 0.000000000000000000e+00 5.769926758603105554e-10 0.000000000000000000e+00 6.006931513547897339e-02 2.813687082380056381e-03 8.685815148055553436e-03 1.482953596860170364e-02 1.351886708289384842e-02 0.000000000000000000e+00 3.109975717961788177e-03 2.379496581852436066e-03 1.009671390056610107e-02 0.000000000000000000e+00 0.000000000000000000e+00 6.084972992539405823e-03 0.000000000000000000e+00 0.000000000000000000e+00 4.926562774926424026e-03 8.178489655256271362e-02 3.552713678800500929e-15 0.000000000000000000e+00 4.498737864196300507e-03 0.000000000000000000e+00 6.474820679613912944e-11 0.000000000000000000e+00 3.147037234157323837e-03 0.000000000000000000e+00 0.000000000000000000e+00 1.257007298249845917e-08 0.000000000000000000e+00 0.000000000000000000e+00 0.000000000000000000e+00 3.981667011976242065e-02 2.764468314126133919e-03 0.000000000000000000e+00 0.000000000000000000e+00 6.672547198832035065e-03 0.000000000000000000e+00 1.421085471520200372e-14 0.000000000000000000e+00 8.954754099249839783e-03 0.000000000000000000e+00 0.000000000000000000e+00 2.219192497432231903e-02 0.000000000000000000e+00 2.288585761561989784e-03 5.134170874953269958e-03 0.000000000000000000e+00 0.000000000000000000e+00 3.131342679262161255e-02 0.000000000000000000e+00 0.000000000000000000e+00 0.000000000000000000e+00
0.000000000000000000e+00 2.020797319710254669e-02 0.000000000000000000e+00 0.000000000000000000e+00 0.000000000000000000e+00 5.684841424226760864e-02 7.359500974416732788e-03 1.930870413780212402e-01 2.213163115084171295e-02 1.124738380312919617e-01 0.000000000000000000e+00 1.248175557702779770e-02 3.659893199801445007e-02 0.000000000000000000e+00 1.237693578004837036e-01 8.148991316556930542e-02 6.567736621946096420e-03 3.628053888678550720e-02 9.353422559797763824e-03 1.984997093677520752e-02 0.000000000000000000e+00 0.000000000000000000e+00 1.838547736406326294e-02 0.000000000000000000e+00 9.881838224828243256e-03 0.000000000000000000e+00 0.000000000000000000e+00 5.596928298473358154e-03 0.000000000000000000e+00 0.000000000000000000e+00 0.000000000000000000e+00 1.233525574207305908e-02 5.857859738171100616e-03 0.000000000000000000e+00 6.581036839634180069e-03 0.000000000000000000e+00 0.000000000000000000e+00 0.000000000000000000e+00 6.134960334748029709e-03 0.000000000000000000e+00 0.000000000000000000e+00 0.000000000000000000e+00 0.000000000000000000e+00 1.837070658802986145e-02 0.000000000000000000e+00 0.000000000000000000e+00 7.691735867410898209e-03 4.803665913641452789e-03 8.766747079789638519e-03 8.574912324547767639e-03 7.661482784897089005e-03 0.000000000000000000e+00 3.197442310920450836e-14 4.405880346894264221e-03 3.911906853318214417e-03 3.891071677207946777e-02 6.685738917440176010e-03 0.000000000000000000e+00 2.094434946775436401e-02 3.295295871794223785e-03 2.660675905644893646e-03 0.000000000000000000e+00 0.000000000000000000e+00 3.197442310920450836e-14 4.886698443442583084e-03 0.000000000000000000e+00
3.241495043039321899e-02 0.000000000000000000e+00 6.307569798082113266e-03 1.025560498237609863e-02 7.351488340646028519e-03 0.000000000000000000e+00 3.485730849206447601e-04 0.000000000000000000e+00 1.585652120411396027e-02 2.895197458565235138e-02 1.248175557702779770e-02 0.000000000000000000e+00 1.276596784591674805e-01 1.888611465692520142e-01 0.000000000000000000e+00 0.000000000000000000e+00 1.431875280104577541e-03 1.348412316292524338e-02 9.794823825359344482e-03 0.000000000000000000e+00 0.000000000000000000e+00 5.229617469012737274e-03 0.000000000000000000e+00 0.000000000000000000e+00 0.000000000000000000e+00 9.124438278377056122e-03 0.000000000000000000e+00 0.000000000000000000e+00 0.000000000000000000e+00 0.000000000000000000e+00 0.000000000000000000e+00 0.000000000000000000e+00 0.000000000000000000e+00 0.000000000000000000e+00 0.000000000000000000e+00 3.501879749819636345e-03 0.000000000000000000e+00 0.000000000000000000e+00 0.000000000000000000e+00 0.000000000000000000e+00 0.000000000000000000e+00 0.000000000000000000e+00 1.278976924368180335e-13 0.000000000000000000e+00 1.693041795647332037e-08 0.000000000000000000e+00 0.000000000000000000e+00 0.000000000000000000e+00 0.000000000000000000e+00 0.000000000000000000e+00 0.000000000000000000e+00 0.000000000000000000e+00 0.000000000000000000e+00 0.000000000000000000e+00 2.439962029457092285e-01 0.000000000000000000e+00 0.000000000000000000e+00 0.000000000000000000e+00 0.000000000000000000e+00 4.262052942067384720e-03 0.000000000000000000e+00 1.115190703421831131e-02 0.000000000000000000e+00 0.000000000000000000e+00 0.000000000000000000e+00 7.162725087255239487e-04
0.000000000000000000e+00 8.597092702984809875e-03 1.215893123298883438e-02 2.202781662344932556e-02 0.000000000000000000e+00 7.836406119167804718e-03 3.374192118644714355e-02 0.000000000000000000e+00 2.494186908006668091e-01 1.961569339036941528e-01 3.659893199801445007e-02 1.276596784591674805e-01 0.000000000000000000e+00 5.446798726916313171e-02 1.230174209922552109e-02 3.195142140612006187e-03 2.359068207442760468e-02 0.000000000000000000e+00 1.294614467769861221e-02 8.323050104081630707e-03 2.169447392225265503e-02 0.000000000000000000e+00 7.616345304995775223e-03 2.423873543739318848e-02 2.009363844990730286e-02 0.000000000000000000e+00 0.000000000000000000e+00 3.863971214741468430e-03 7.247677422128617764e-04 0.000000000000000000e+00 0.000000000000000000e+00 1.154289767146110535e-02 2.718971809372305870e-03 0.000000000000000000e+00 0.000000000000000000e+00 0.000000000000000000e+00 0.000000000000000000e+00 2.987832203871221282e-12 0.000000000000000000e+00 0.000000000000000000e+00 0.000000000000000000e+00 6.064732093364000320e-03 0.000000000000000000e+00 1.474706106819212437e-03 0.000000000000000000e+00 3.377947583794593811e-02 0.000000000000000000e+00 1.632407889701426029e-03 0.000000000000000000e+00 8.800259365671081468e-08 2.200029557570815086e-04 4.451161716133356094e-03 0.000000000000000000e+00 1.861917041242122650e-02 0.000000000000000000e+00 0.000000000000000000e+00 4.342833068221807480e-03 0.000000000000000000e+00 1.098603592254221439e-03 5.485611036419868469e-03 2.636810066178441048e-03 0.000000000000000000e+00 4.135366156697273254e-02 0.000000000000000000e+00 0.000000000000000000e+00 3.552713678800500929e-15
0.000000000000000000e+00 4.461730364710092545e-03 1.657261103391647339e-01 2.482454758137464523e-03 0.000000000000000000e+00 4.835703969001770020e-01 2.220446049250313081e-12 0.000000000000000000e+00 0.000000000000000000e+00 0.000000000000000000e+00 0.000000000000000000e+00 1.888611465692520142e-01 5.446798726916313171e-02 0.000000000000000000e+00 7.294407114386558533e-03 0.000000000000000000e+00 0.000000000000000000e+00 0.000000000000000000e+00 9.028992615640163422e-03 0.000000000000000000e+00 0.000000000000000000e+00 0.000000000000000000e+00 1.160394633188843727e-03 1.244750805199146271e-02 5.094432272017002106e-04 7.630472071468830109e-03 0.000000000000000000e+00 0.000000000000000000e+00 3.726076101884245872e-03 3.783959895372390747e-03 1.964720897376537323e-03 1.421085471520200372e-14 0.000000000000000000e+00 8.813986205495893955e-04 0.000000000000000000e+00 0.000000000000000000e+00 1.185864908620715141e-03 2.795662963762879372e-03 0.000000000000000000e+00 0.000000000000000000e+00 2.412806730717420578e-03 0.000000000000000000e+00 3.847833955660462379e-03 2.988415417348733172e-07 0.000000000000000000e+00 0.000000000000000000e+00 0.000000000000000000e+00 1.805349602364003658e-03 0.000000000000000000e+00 0.000000000000000000e+00 1.135199214331805706e-03 5.324434489011764526e-03 2.100872434675693512e-02 5.169937139726243913e-05 1.009997166693210602e-02 0.000000000000000000e+00 2.220446049250313081e-12 1.421085471520200372e-14 0.000000000000000000e+00 0.000000000000000000e+00 1.064925827085971832e-02 0.000000000000000000e+00 3.309853607788681984e-03 1.304581528529524803e-03 6.966283544898033142e-03 2.627253159880638123e-02
4.461150820134207606e-05 5.844717845320701599e-02 5.343100521713495255e-03 4.220979121782875154e-11 0.000000000000000000e+00 4.471588507294654846e-02 5.050879437476396561e-03 1.165899559855461121e-01 0.000000000000000000e+00 5.769926758603105554e-10 1.237693578004837036e-01 0.000000000000000000e+00 1.230174209922552109e-02 7.294407114386558533e-03 0.000000000000000000e+00 3.874258995056152344e-01 0.000000000000000000e+00 0.000000000000000000e+00 0.000000000000000000e+00 2.454889239743351936e-03 0.000000000000000000e+00 0.000000000000000000e+00 7.350813597440719604e-03 0.000000000000000000e+00 2.049344964325428009e-02 0.000000000000000000e+00 0.000000000000000000e+00 0.000000000000000000e+00 1.291028340347111225e-03 0.000000000000000000e+00 1.278976924368180335e-13 0.000000000000000000e+00 0.000000000000000000e+00 0.000000000000000000e+00 0.000000000000000000e+00 0.000000000000000000e+00 8.881784197001252323e-16 3.011800162494182587e-02 9.618660551495850086e-04 0.000000000000000000e+00 1.830194037211185787e-06 2.921566599979996681e-03 0.000000000000000000e+00 0.000000000000000000e+00 0.000000000000000000e+00 0.000000000000000000e+00 4.246580647304654121e-04 0.000000000000000000e+00 0.000000000000000000e+00 0.000000000000000000e+00 6.352897733449935913e-03 1.394162420183420181e-02 0.000000000000000000e+00 9.373277425765991211e-04 0.000000000000000000e+00 7.261428982019424438e-03 0.000000000000000000e+00 0.000000000000000000e+00 0.000000000000000000e+00 3.066388424485921860e-03 6.939772982150316238e-03 0.000000000000000000e+00 2.522965660318732262e-03 0.000000000000000000e+00 5.990552250295877457e-03 0.000000000000000000e+00
3.552713678800500929e-15 4.102405533194541931e-02 0.000000000000000000e+00 0.000000000000000000e+00 0.000000000000000000e+00 2.605147287249565125e-02 9.300463832914829254e-03 5.559985339641571045e-02 1.576471142470836639e-03 0.000000000000000000e+00 8.148991316556930542e-02 0.000000000000000000e+00 3.195142140612006187e-03 0.000000000000000000e+00 3.874258995056152344e-01 0.000000000000000000e+00 0.000000000000000000e+00 1.261831223964691162e-01 0.000000000000000000e+00 2.480685897171497345e-02 0.000000000000000000e+00 1.421085471520200372e-14 4.122954979538917542e-02 0.000000000000000000e+00 1.032942384481430054e-01 0.000000000000000000e+00 0.000000000000000000e+00 2.874399302527308464e-03 4.287434276193380356e-03 0.000000000000000000e+00 0.000000000000000000e+00 1.749115996062755585e-03 0.000000000000000000e+00 1.740829702612245455e-13 1.014246605336666107e-03 0.000000000000000000e+00 0.000000000000000000e+00 8.922400884330272675e-03 1.457850635051727295e-02 3.351058578118681908e-03 0.000000000000000000e+00 5.180296488106250763e-03 0.000000000000000000e+00 9.544521570205688477e-03 0.000000000000000000e+00 0.000000000000000000e+00 4.368572030216455460e-03 0.000000000000000000e+00 7.099444046616554260e-03 3.486039582639932632e-03 2.741492725908756256e-02 7.809924893081188202e-03 0.000000000000000000e+00 4.712584777735173702e-04 1.007340475916862488e-02 1.386557891964912415e-02 1.233823131769895554e-03 0.000000000000000000e+00 7.692912127822637558e-03 4.323957487940788269e-03 8.141058497130870819e-03 0.000000000000000000e+00 2.714768983423709869e-03 0.000000000000000000e+00 8.282663300633430481e-03 0.000000000000000000e+00
0.000000000000000000e+00 0.000000000000000000e+00 0.000000000000000000e+00 7.994373328983783722e-03 1.485819041135982843e-07 0.000000000000000000e+00 2.499685389921069145e-03 0.000000000000000000e+00 1.280056405812501907e-02 6.006931513547897339e-02 6.567736621946096420e-03 1.431875280104577541e-03 2.359068207442760468e-02 0.000000000000000000e+00 0.000000000000000000e+00 0.000000000000000000e+00 0.000000000000000000e+00 9.545142948627471924e-02 2.987160533666610718e-02 2.075677961111068726e-01 2.873097546398639679e-02 6.963318810448981822e-13 3.522942279232665896e-06 0.000000000000000000e+00 2.381180375814437866e-01 0.000000000000000000e+00 0.000000000000000000e+00 3.250798676162958145e-03 0.000000000000000000e+00 0.000000000000000000e+00 0.000000000000000000e+00 1.243482064455747604e-02 0.000000000000000000e+00 2.106403940160817001e-11 0.000000000000000000e+00 0.000000000000000000e+00 0.000000000000000000e+00 0.000000000000000000e+00 5.554367229342460632e-02 0.000000000000000000e+00 0.000000000000000000e+00 2.037729835137724876e-03 0.000000000000000000e+00 0.000000000000000000e+00 0.000000000000000000e+00 6.408649962395429611e-03 6.088233087211847305e-03 0.000000000000000000e+00 0.000000000000000000e+00 3.695156425237655640e-02 3.552713678800500929e-15 2.273793688800651580e-05 0.000000000000000000e+00 7.588658016175031662e-03 0.000000000000000000e+00 0.000000000000000000e+00 1.069941464811563492e-02 0.000000000000000000e+00 1.359590532956644893e-05 9.595436975359916687e-03 0.000000000000000000e+00 0.000000000000000000e+00 4.811845719814300537e-03 0.000000000000000000e+00 0.000000000000000000e+00 0.000000000000000000e+00
0.000000000000000000e+00 0.000000000000000000e+00 0.000000000000000000e+00 0.000000000000000000e+00 0.000000000000000000e+00 0.000000000000000000e+00 0.000000000000000000e+00 6.574346683919429779e-03 6.531558465212583542e-03 2.813687082380056381e-03 3.628053888678550720e-02 1.348412316292524338e-02 0.000000000000000000e+00 0.000000000000000000e+00 0.000000000000000000e+00 1.261831223964691162e-01 9.545142948627471924e-02 0.000000000000000000e+00 4.537327289581298828e-01 1.247056648135185242e-01 1.348468067590147257e-04 6.131568551063537598e-02 1.480326429009437561e-02 6.677826291934252367e-09 1.605429127812385559e-02 0.000000000000000000e+00 7.388278027065098286e-04 7.719511166214942932e-03 0.000000000000000000e+00 0.000000000000000000e+00 0.000000000000000000e+00 0.000000000000000000e+00 0.000000000000000000e+00 0.000000000000000000e+00 0.000000000000000000e+00 0.000000000000000000e+00 0.000000000000000000e+00 0.000000000000000000e+00 3.221875056624412537e-03 3.439279040321707726e-03 0.000000000000000000e+00 4.400580190122127533e-03 0.000000000000000000e+00 1.981342956423759460e-02 2.960220724344253540e-02 0.000000000000000000e+00 4.395828116685152054e-03 1.080916728824377060e-02 2.894065156579017639e-02 8.944507688283920288e-03 0.000000000000000000e+00 0.000000000000000000e+00 1.421085471520200372e-14 0.000000000000000000e+00 3.050518780946731567e-02 4.298392683267593384e-03 1.490892958827316761e-03 0.000000000000000000e+00 2.308268565684556961e-03 0.000000000000000000e+00 0.000000000000000000e+00 1.775043085217475891e-02 0.000000000000000000e+00 0.000000000000000000e+00 0.000000000000000000e+00 0.000000000000000000e+00
0.000000000000000000e+00 0.000000000000000000e+00 2.904088050127029419e-02 1.073383260518312454e-03 6.284395226430206094e-11 0.000000000000000000e+00 0.000000000000000000e+00 0.000000000000000000e+00 1.174630015157163143e-03 8.685815148055553436e-03 9.353422559797763824e-03 9.794823825359344482e-03 1.294614467769861221e-02 9.028992615640163422e-03 0.000000000000000000e+00 0.000000000000000000e+00 2.987160533666610718e-02 4.537327289581298828e-01 0.000000000000000000e+00 2.578167989850044250e-02 2.908792197704315186e-01 1.225163340568542480e-01 9.634151123464107513e-03 0.000000000000000000e+00 0.000000000000000000e+00 0.000000000000000000e+00 0.000000000000000000e+00 1.068498007953166962e-03 0.000000000000000000e+00 0.000000000000000000e+00 0.000000000000000000e+00 0.000000000000000000e+00 0.000000000000000000e+00 0.000000000000000000e+00 0.000000000000000000e+00 1.421085471520200372e-14 0.000000000000000000e+00 0.000000000000000000e+00 1.038319338113069534e-02 0.000000000000000000e+00 0.000000000000000000e+00 6.908015813678503036e-03 0.000000000000000000e+00 8.553752675652503967e-03 0.000000000000000000e+00 8.434832096099853516e-03 0.000000000000000000e+00 2.613612450659275055e-02 0.000000000000000000e+00 0.000000000000000000e+00 0.000000000000000000e+00 0.000000000000000000e+00 0.000000000000000000e+00 1.672633551061153412e-02 2.058464661240577698e-02 0.000000000000000000e+00 0.000000000000000000e+00 0.000000000000000000e+00 0.000000000000000000e+00 6.086484529078006744e-03 0.000000000000000000e+00 0.000000000000000000e+00 1.881288480944931507e-03 9.082209435291588306e-04 0.000000000000000000e+00 0.000000000000000000e+00
2.330935444661008660e-11 0.000000000000000000e+00 0.000000000000000000e+00 8.348312973976135254e-02 0.000000000000000000e+00 0.000000000000000000e+00 3.271761583164334297e-03 1.334902923554182053e-02 9.038963355123996735e-03 1.482953596860170364e-02 1.984997093677520752e-02 0.000000000000000000e+00 8.323050104081630707e-03 0.000000000000000000e+00 2.454889239743351936e-03 2.480685897171497345e-02 2.075677961111068726e-01 1.247056648135185242e-01 2.578167989850044250e-02 0.000000000000000000e+00 9.063071012496948242e-02 2.840263769030570984e-02 4.576199501752853394e-02 6.722996011376380920e-03 1.119513139128684998e-01 0.000000000000000000e+00 0.000000000000000000e+00 5.623719654977321625e-03 2.968819113448262215e-03 0.000000000000000000e+00 0.000000000000000000e+00 9.257717989385128021e-03 2.685934305191040039e-03 0.000000000000000000e+00 1.867703627794981003e-03 0.000000000000000000e+00 0.000000000000000000e+00 1.477476907894015312e-03 4.328719805926084518e-03 0.000000000000000000e+00 0.000000000000000000e+00 1.916177570819854736e-02 1.268464140594005585e-03 2.250833995640277863e-02 0.000000000000000000e+00 1.390931475907564163e-02 5.568921938538551331e-02 0.000000000000000000e+00 0.000000000000000000e+00 1.713711395859718323e-02 0.000000000000000000e+00 5.920323019381612539e-05 0.000000000000000000e+00 4.110372625291347504e-03 0.000000000000000000e+00 7.009731605648994446e-03 1.523926481604576111e-02 0.000000000000000000e+00 5.227973219007253647e-03 3.375064581632614136e-03 0.000000000000000000e+00 0.000000000000000000e+00 1.095795910805463791e-02 0.000000000000000000e+00 0.000000000000000000e+00 0.000000000000000000e+00
0.000000000000000000e+00 8.973257354227825999e-05 1.251124776899814606e-02 6.755165010690689087e-02 0.000000000000000000e+00 0.000000000000000000e+00 8.090202696621417999e-03 0.000000000000000000e+00 9.542983956634998322e-03 1.351886708289384842e-02 0.000000000000000000e+00 0.000000000000000000e+00 2.169447392225265503e-02 0.000000000000000000e+00 0.000000000000000000e+00 0.000000000000000000e+00 2.873097546398639679e-02 1.348468067590147257e-04 2.908792197704315186e-01 9.063071012496948242e-02 0.000000000000000000e+00 6.156534329056739807e-02 0.000000000000000000e+00 1.692738570272922516e-02 4.625451937317848206e-02 0.000000000000000000e+00 0.000000000000000000e+00 2.948782406747341156e-03 0.000000000000000000e+00 0.000000000000000000e+00 0.000000000000000000e+00 0.000000000000000000e+00 0.000000000000000000e+00 0.000000000000000000e+00 0.000000000000000000e+00 0.000000000000000000e+00 0.000000000000000000e+00 0.000000000000000000e+00 0.000000000000000000e+00 0.000000000000000000e+00 0.000000000000000000e+00 3.281596349552273750e-03 0.000000000000000000e+00 0.000000000000000000e+00 1.115755061618983746e-03 6.180794909596443176e-02 0.000000000000000000e+00 1.495115691795945168e-03 0.000000000000000000e+00 1.421085471520200372e-14 3.552713678800500929e-15 1.243470143526792526e-02 0.000000000000000000e+00 3.650984261184930801e-03 0.000000000000000000e+00 0.000000000000000000e+00 1.040346454828977585e-02 1.872550114967452828e-09 0.000000000000000000e+00 2.813080092892050743e-03 1.421085471520200372e-14 0.000000000000000000e+00 1.566182821989059448e-02 3.273994103074073792e-02 0.000000000000000000e+00 0.000000000000000000e+00
2.455533593893051147e-01 0.000000000000000000e+00 5.077439919114112854e-02 4.988654702901840210e-02 0.000000000000000000e+00 1.278976924368180335e-13 0.000000000000000000e+00 0.000000000000000000e+00 7.701582275331020355e-03 0.000000000000000000e+00 0.000000000000000000e+00 5.229617469012737274e-03 0.000000000000000000e+00 0.000000000000000000e+00 0.000000000000000000e+00 1.421085471520200372e-14 6.963318810448981822e-13 6.131568551063537598e-02 1.225163340568542480e-01 2.840263769030570984e-02 6.156534329056739807e-02 0.000000000000000000e+00 0.000000000000000000e+00 1.669754832983016968e-02 0.000000000000000000e+00 2.046795338392257690e-01 4.951817099936306477e-04 0.000000000000000000e+00 0.000000000000000000e+00 8.804894983768463135e-03 6.289764307439327240e-03 0.000000000000000000e+00 6.376948673278093338e-03 1.062930282205343246e-02 0.000000000000000000e+00 2.372105605900287628e-03 6.820651888847351074e-02 0.000000000000000000e+00 0.000000000000000000e+00 0.000000000000000000e+00 3.406615555286407471e-02 3.171393764205276966e-04 0.000000000000000000e+00 0.000000000000000000e+00 2.170551419258117676e-01 6.695762742310762405e-03 0.000000000000000000e+00 6.879757624119520187e-03 1.238057762384414673e-02 0.000000000000000000e+00 0.000000000000000000e+00 0.000000000000000000e+00 3.673261380754411221e-04 1.046151965056196786e-08 0.000000000000000000e+00 0.000000000000000000e+00 0.000000000000000000e+00 1.118009909987449646e-03 0.000000000000000000e+00 0.000000000000000000e+00 0.000000000000000000e+00 0.000000000000000000e+00 0.000000000000000000e+00 0.000000000000000000e+00 0.000000000000000000e+00 2.625559922307729721e-03
0.000000000000000000e+00 3.015468595549464226e-03 0.000000000000000000e+00 0.000000000000000000e+00 0.000000000000000000e+00 1.198979094624519348e-02 8.607563562691211700e-03 1.178248412907123566e-02 1.957156229764223099e-03 3.109975717961788177e-03 1.838547736406326294e-02 0.000000000000000000e+00 7.616345304995775223e-03 1.160394633188843727e-03 7.350813597440719604e-03 4.122954979538917542e-02 3.522942279232665896e-06 1.480326429009437561e-02 9.634151123464107513e-03 4.576199501752853394e-02 0.000000000000000000e+00 0.000000000000000000e+00 0.000000000000000000e+00 6.330356001853942871e-02 1.640494018793106079e-01 0.000000000000000000e+00 5.402316804975271225e-03 6.658541411161422729e-02 8.838540874421596527e-03 1.396674775833162130e-09 0.000000000000000000e+00 3.419577330350875854e-02 1.179094389081001282e-01 3.916866830877552275e-11 2.272654091939330101e-03 0.000000000000000000e+00 0.000000000000000000e+00 1.087721320800483227e-03 3.579775989055633545e-02 1.406051963567733765e-02 0.000000000000000000e+00 0.000000000000000000e+00 5.213115364313125610e-03 5.798330307006835938e-01 0.000000000000000000e+00 0.000000000000000000e+00 9.974296204745769501e-03 1.421085471520200372e-14 0.000000000000000000e+00 0.000000000000000000e+00 9.170020930469036102e-03 0.000000000000000000e+00 3.197442310920450836e-14 3.299557138234376907e-03 6.132171023637056351e-03 1.530659198760986328e-02 2.855716273188591003e-03 6.660947349246271187e-10 4.738583229482173920e-03 1.423250418156385422e-02 2.587074413895606995e-02 0.000000000000000000e+00 2.866351976990699768e-03 0.000000000000000000e+00 0.000000000000000000e+00 0.000000000000000000e+00
0.000000000000000000e+00 0.000000000000000000e+00 0.000000000000000000e+00 3.007795289158821106e-02 0.000000000000000000e+00 0.000000000000000000e+00 0.000000000000000000e+00 0.000000000000000000e+00 0.000000000000000000e+00 2.379496581852436066e-03 0.000000000000000000e+00 0.000000000000000000e+00 2.423873543739318848e-02 1.244750805199146271e-02 0.000000000000000000e+00 0.000000000000000000e+00 0.000000000000000000e+00 6.677826291934252367e-09 0.000000000000000000e+00 6.722996011376380920e-03 1.692738570272922516e-02 1.669754832983016968e-02 6.330356001853942871e-02 0.000000000000000000e+00 2.098272591829299927e-01 2.396128326654434204e-01 0.000000000000000000e+00 0.000000000000000000e+00 5.430868477560579777e-04 0.000000000000000000e+00 1.649374701082706451e-02 1.322648953646421432e-02 2.339854091405868530e-02 0.000000000000000000e+00 0.000000000000000000e+00 2.433707239106297493e-03 0.000000000000000000e+00 5.785428802482783794e-04 0.000000000000000000e+00 9.979572723750607111e-12 4.328777268528938293e-02 1.026369538158178329e-02 5.391802191734313965e-01 2.006977796554565430e-02 3.856637701392173767e-02 1.549919042736291885e-02 0.000000000000000000e+00 0.000000000000000000e+00 0.000000000000000000e+00 0.000000000000000000e+00 0.000000000000000000e+00 4.253426566720008850e-03 0.000000000000000000e+00 1.048123813234269619e-03 0.000000000000000000e+00 0.000000000000000000e+00 0.000000000000000000e+00 0.000000000000000000e+00 0.000000000000000000e+00 0.000000000000000000e+00 8.196815848350524902e-03 0.000000000000000000e+00 1.312913093715906143e-02 4.318964108824729919e-02 0.000000000000000000e+00 0.000000000000000000e+00
